../baselines/test_runtimes.json
(665, 34)
(665,)
(1986, 34)
(1986,)
(93, 34)
(93,)
(93, 34)
(93,)
(5, 34)
(5,)
(2842, 34)
(2842,)
DescribeResult(nobs=2842, minmax=(1.0102863311767578, 6545.553571939468), mean=12.9214061687397, variance=19591.351548075367, skewness=37.82090397586265, kurtosis=1690.439124277244)
(2842,)
(1,)
Make kernel matrix 22.635308980941772
(5684, 5684)
(5684, 5684)
jjkjkjkjkEig: 505.65249037742615 seconds
(5684, 5684)
DescribeResult(nobs=48, minmax=(0.972862958908081, 14856.867989301682), mean=363.53336419165134, variance=4570022.988420926, skewness=6.696908402418452, kurtosis=42.907893278408274)
(48, 5684)
Mean Absolute Training Error: 13.0 seconds
3, 6, 39, 48
[0.011896309427972875, 0.01986242389622802, 0.05598351719140572, 0.2125557832373982, 0.22039058778148943, 0.29533990045729647, 0.3082393570432398, 0.3465935647226299, 0.6044142081856718, 0.6715045162932212, 0.7332290309726192, 0.7715221456889594, 0.8309124927399641, 0.8513156406650431, 0.8664335499993957, 0.8983262594171534, 0.9069085104048289, 0.9164491081813363, 0.9315188189454897, 0.9346137536913711, 0.9356173538412964, 0.9386983437808872, 0.9569032764726418, 0.9600023479644769, 0.9713273083274564, 0.993056101678328, 1.53695755975665, 1.8868016311447815, 2.355493131568484, 4.032877541350402, 5.2174641413149665, 5.925788608364221, 7.219222140721711, 7.507515298413324, 9.371098565607511, 11.063633526635451, 15.45544509976562, 18.053110690990245]
Mean Absolute Error: 692.26 seconds
R-squared value of 0.04913314308765249
2809, 31, 2
