../baselines/test_runtimes.json
(665, 34)
(665,)
(1986, 34)
(1986,)
(93, 34)
(93,)
(93, 34)
(93,)
(5, 34)
(5,)
(2842, 34)
(2842,)
DescribeResult(nobs=2842, minmax=(1.0102863311767578, 6545.553571939468), mean=12.9214061687397, variance=19591.351548075367, skewness=37.82090397586265, kurtosis=1690.439124277244)
(2842,)
(1,)
Make kernel matrix 24.418867349624634
(5684, 5684)
(5684, 5684)
jEig: 512.761668920517 seconds
(5684, 5684)
DescribeResult(nobs=48, minmax=(0.972862958908081, 14856.867989301682), mean=363.53336419165134, variance=4570022.988420926, skewness=6.696908402418452, kurtosis=42.907893278408274)
(48, 5684)
Mean Absolute Training Error: 6.8 seconds
3, 3, 39, 48
[0.058291112651418994, 0.14334052404400732, 0.17885690463896053, 0.3065267163744943, 0.3990156672771577, 0.40108189838823716, 0.448086812633007, 0.47556680560995523, 0.7996231802644543, 0.8081910251548657, 0.9826938421190322, 2.3464366935526915, 2.5413880210310067, 2.8448679929352556, 3.42585563296434, 4.51863144703441, 4.7888604417079454, 5.502935963944678, 6.111221470183437, 6.851630375686427, 7.135552418526676, 10.593952471169603, 11.639138960358437, 11.948531071637145, 13.38760967716604, 14.712711158274285, 15.330175073110418, 16.193621053790242, 18.13041210098459, 19.0544652493108, 20.229123343613903, 21.06242282947602, 22.488226186780036, 23.709728308175997, 23.970737235246784, 25.42188350475556, 27.223918987948156, 33.450559384869436]
Mean Absolute Error: 498.69 seconds
R-squared value of -0.0022596707536759464
2809, 31, 2
